0.059800000000000006;0.0101
0.0602;0.0101
release
0.0558;0.0121
0.0642;0.0121
release
0.0518;0.0141
0.0682;0.0141
release
0.0478;0.0161
0.0722;0.0161
release
0.0438;0.018099999999999998
0.07619999999999999;0.018099999999999998
release
0.0398;0.020099999999999996
0.07995000000000001;0.020099999999999996
release
0.0358;0.022099999999999998
0.07894999999999999;0.022099999999999998
release
0.031799999999999995;0.0241
0.07795;0.0241
release
0.027799999999999995;0.0261
0.07695;0.0261
release
0.02379999999999999;0.028100000000000003
0.07595;0.028100000000000003
release
0.02025000000000002;0.030100000000000005
0.07494999999999999;0.030100000000000005
release
0.025250000000000022;0.03210000000000001
0.07395;0.03210000000000001
release
0.03025000000000002;0.03410000000000001
0.07295;0.03410000000000001
release
0.03525000000000003;0.036100000000000014
0.07195;0.036100000000000014
release
0.04025000000000003;0.038100000000000016
0.07094999999999999;0.038100000000000016
release
0.020100000000000017;0.04010000000000002
0.020150000000000022;0.04010000000000002
release
0.04525000000000004;0.04010000000000002
0.07020000000000003;0.04010000000000002
release
0.02210000000000002;0.04210000000000002
0.023150000000000025;0.04210000000000002
release
0.05025000000000004;0.04210000000000002
0.07420000000000003;0.04210000000000002
release
0.02410000000000002;0.04410000000000002
0.026150000000000027;0.04410000000000002
release
0.05525000000000005;0.04410000000000002
0.07820000000000003;0.04410000000000002
release
0.026100000000000022;0.04610000000000002
0.02915000000000003;0.04610000000000002
release
0.060250000000000054;0.04610000000000002
0.08220000000000004;0.04610000000000002
release
0.028100000000000024;0.048100000000000025
0.03215000000000003;0.048100000000000025
release
0.06525000000000006;0.048100000000000025
0.08620000000000004;0.048100000000000025
release
0.02979999999999995;0.050100000000000026
0.03515000000000004;0.050100000000000026
release
0.06979999999999995;0.050100000000000026
0.08994999999999999;0.050100000000000026
release
0.025799999999999948;0.05210000000000003
0.03815000000000004;0.05210000000000003
release
0.06579999999999994;0.05210000000000003
0.08894999999999997;0.05210000000000003
release
0.021799999999999944;0.05410000000000003
0.04115000000000005;0.05410000000000003
release
0.061799999999999945;0.05410000000000003
0.08794999999999999;0.05410000000000003
release
0.01779999999999994;0.05610000000000003
0.04415000000000004;0.05610000000000003
release
0.05779999999999994;0.05610000000000003
0.08694999999999999;0.05610000000000003
release
0.013799999999999937;0.058100000000000034
0.04715000000000005;0.058100000000000034
release
0.05379999999999994;0.058100000000000034
0.08594999999999998;0.058100000000000034
release
0.010200000000000065;0.060100000000000035
0.08494999999999997;0.060100000000000035
release
0.014200000000000068;0.06210000000000004
0.08394999999999998;0.06210000000000004
release
0.01820000000000007;0.06410000000000003
0.08294999999999998;0.06410000000000003
release
0.022200000000000077;0.06610000000000003
0.08194999999999998;0.06610000000000003
release
0.02620000000000008;0.06810000000000004
0.08094999999999997;0.06810000000000004
release
0.030050000000000018;0.07010000000000004
0.07979999999999991;0.07010000000000004
release
0.031050000000000022;0.07210000000000004
0.07579999999999991;0.07210000000000004
release
0.032050000000000016;0.07410000000000004
0.0717999999999999;0.07410000000000004
release
0.033050000000000024;0.07610000000000004
0.0677999999999999;0.07610000000000004
release
0.03405000000000002;0.07810000000000004
0.0637999999999999;0.07810000000000004
release
0.035050000000000026;0.08010000000000005
0.059799999999999895;0.08010000000000005
release
0.03605000000000002;0.08210000000000005
0.05579999999999991;0.08210000000000005
release
0.03705000000000002;0.08410000000000004
0.05179999999999993;0.08410000000000004
release
0.038050000000000014;0.08610000000000002
0.04779999999999994;0.08610000000000002
release
0.03905000000000001;0.08810000000000003
0.04379999999999996;0.08810000000000003
release